$ 1 0.000005 337.78679316735355 50 5 50 5e-11
151 224 192 320 192 0 2 0 5
151 320 272 224 272 0 2 5 5
151 240 352 336 352 0 2 0 5
151 320 96 240 96 2 2 5 5
r 176 96 176 48 0 56000
w 224 48 320 48 0
w 320 48 320 80 0
c 320 80 384 80 0 0.000001 4.998170320798538 0.001
g 384 80 400 80 0 0
w 176 96 240 96 0
w 176 48 224 48 0
S 496 80 496 144 0 0 false 0 2
w 496 80 320 112 0
g 512 144 512 160 0 0
R 480 144 480 160 0 0 40 5 0 0 0.5
S 480 256 480 320 0 1 false 0 2
w 208 192 224 192 0
w 224 192 224 176 0
w 224 192 224 208 0
w 320 192 336 192 0
I 416 272 368 272 0 0.5 5
w 480 256 416 272 0
R 464 320 464 352 0 0 40 5 0 0 0.5
g 496 320 496 336 0 0
w 208 192 160 192 0
w 160 192 160 336 0
w 160 336 240 336 0
w 368 384 240 384 0
w 240 384 240 368 0
w 336 352 352 352 0
w 352 352 368 208 0
w 160 192 160 96 0
w 160 96 176 96 0
w 336 192 320 256 0
w 352 240 320 288 0
w 224 272 368 176 0
w 368 272 352 240 0
w 448 272 368 384 0
w 448 272 464 256 0
w 464 256 480 256 0
x 509 88 570 91 4 24 regen
x 518 280 556 283 4 24 pas
151 368 192 480 192 2 2 5 5
w 480 192 528 192 0
o 43 64 0 4099 5 0.00009765625 0 2 43 3
