$ 1 0.000005 337.78679316735355 50 5 50 5e-11
151 240 192 336 192 2 2 0 5
151 336 272 240 272 2 2 5 5
151 256 352 352 352 2 2 0 5
151 336 96 256 96 2 2 5 5
r 192 96 192 48 0 56000
w 240 48 336 48 0
w 336 48 336 80 0
c 128 48 128 96 0 5.000000000000001e-7 4.9999999806151925 0.001
g 128 96 128 128 0 0
w 192 96 256 96 0
w 192 48 240 48 0
S 560 32 560 96 0 0 false 0 2
g 576 96 576 112 0 0
R 544 96 544 112 0 0 40 5 0 0 0.5
S 576 336 576 400 0 1 false 0 2
w 224 192 240 192 0
w 240 192 240 176 0
w 240 192 240 208 0
w 336 192 352 192 0
w 576 336 512 336 0
R 560 400 560 432 0 0 40 5 0 0 0.5
g 592 400 592 416 0 0
w 224 192 176 192 0
w 176 192 176 336 0
w 176 336 256 336 0
w 384 400 256 400 0
w 256 384 256 368 0
w 352 352 384 352 0
w 384 352 384 208 0
w 176 192 176 96 0
w 176 96 192 96 0
w 352 192 352 256 0
w 416 288 336 288 0
x 573 40 634 43 4 24 regen
x 614 360 652 363 4 24 pas
151 416 160 528 160 2 2 5 5
w 528 160 576 160 0
w 512 336 512 400 0
w 512 400 432 400 0
w 336 112 432 112 0
w 128 48 192 48 0
w 240 272 208 272 0
w 208 272 208 144 0
w 208 144 416 144 0
w 352 256 336 256 0
w 384 208 384 176 0
w 384 176 416 176 0
w 560 32 432 32 0
w 432 32 432 112 0
151 512 288 416 288 2 2 0 5
w 256 384 256 400 0
w 384 400 432 400 0
w 512 304 528 304 0
w 512 272 528 272 0
w 528 272 528 288 0
w 528 288 576 288 0
w 576 288 576 336 0
w 528 288 528 304 0
o 36 64 0 4099 5 0.00009765625 0 2 36 3
